Policy Eva complete at iter 17

[[433.14687646 443.04922922 452.72904729 462.02567723 470.7440893
  478.77283169 486.50855668 493.82923137 501.03787285 507.68969008
  514.00428237 520.03810372 525.55943671 530.72344669 535.7210102
  540.3296899  544.58706645 548.52444717 552.24299261 555.75603715
  558.98394484]
 [442.93370069 452.79117424 462.59320092 471.88846808 480.60482442
  488.63101321 495.95069062 503.15321155 509.80416257 516.09346922
  522.12667594 527.64744668 532.78116156 537.77837538 542.38671688
  546.64374004 550.58074554 554.2746498  557.78747621 561.01516651
  563.96551842]
 [452.28917566 462.1461828  471.84263165 481.25951532 489.96953119
  497.98737013 505.29689107 511.94651244 518.23223667 524.26433326
  529.78411035 534.88705625 539.88357111 544.49128516 548.74771855
  552.6841525  556.3403145  559.85278154 563.08011119 566.03009871
  568.69938334]
 [460.83673161 470.6925612  480.38349593 489.69836046 498.45537616
  506.45172809 513.73616704 520.35665967 526.38773918 531.90657146
  537.01017081 542.00585945 546.61282336 550.86854949 554.80430012
  558.43734699 561.9493049  565.17615986 568.12570913 570.7945925
  573.16616078]
 [468.86841232 478.54121099 487.955431   497.2467746  505.92847474
  513.89740792 521.13109265 527.69739454 533.66909805 539.11980573
  544.11471648 548.72095058 552.97599667 556.91112408 560.5449225
  564.05632626 567.28267499 570.23176243 572.90023415 575.2714534
  577.38262606]
 [476.69765005 486.09036949 495.35374796 504.02665819 512.54109504
  520.42139666 527.57141191 534.04982891 539.9335813  545.29338619
  550.19079793 554.69171675 558.8325849  562.64569071 566.1565129
  569.38234317 572.33098304 574.99907864 577.36998213 579.48230722
  581.40298188]
 [484.22749323 493.48559917 502.14203538 510.62896691 518.44920478
  526.21606625 533.23973688 539.59421996 545.3595442  550.60586185
  555.39114988 559.77920937 563.80353977 567.49558151 570.88128892
  573.97896315 576.79751433 579.33479124 581.57624613 583.49660169
  585.06793374]
 [491.58231526 500.23818201 508.73074755 516.52960723 524.30193138
  531.45004346 538.31565674 544.5121956  550.12965939 555.23998601
  559.89862066 564.16705961 568.07461355 571.65032992 574.9191651
  577.89931858 580.60008572 583.02007127 585.14632041 586.95665711
  588.42801566]
 [498.29668818 506.81950637 514.62672606 522.38749593 529.53249176
  536.4018323  542.93009483 548.9427713  554.38770364 559.3417229
  563.8593054  568.00011305 571.78881334 575.25119286 578.41018211
  581.28295509 583.8785088  586.19573146 588.22275682 589.93967446
  591.32696883]
 [504.87449392 512.71202168 520.46938534 527.61524639 534.48332406
  541.01365235 547.16724009 552.97991676 558.2352894  563.0174174
  567.38154552 571.38641409 575.05226263 578.40139742 581.4542489
  584.22639021 586.72601994 588.95191899 590.89288231 592.53058736
  593.84797852]
 [510.76508727 518.52224834 525.69462732 532.55728509 539.09278897
  545.24840225 551.07874245 556.68462829 561.74150288 566.34216133
  570.54410389 574.40619776 577.94486199 581.17915899 584.12698131
  586.80207936 589.21156339 591.35383367 593.21801335 594.78685316
  596.04495153]
 [516.55040622 523.74592828 530.60835114 537.16464482 543.32530109
  549.15762407 554.69981509 560.09933052 564.9557216  569.37121109
  573.40662085 577.12188776 580.5303547  583.64829271 586.49127578
  589.07126088 591.39416358 593.45783976 595.25150375 596.75860007
  597.96480834]
 [521.77328943 528.63559172 535.21426874 541.39511476 547.23232913
  552.77643843 558.17650459 563.24917356 567.90796864 572.13913946
  576.0074496  579.57462887 582.85166064 585.85253729 588.59084125
  591.07690366 593.31547218 595.30378794 597.03101339 598.4810316
  599.64021901]
 [526.5600512  533.24073465 539.44330958 545.30011675 550.84896358
  556.25001811 561.32411199 566.15181733 570.61884831 574.66973511
  578.37343506 581.79391712 584.9403811  587.82498752 590.45964101
  592.85325108 595.00948867 596.92497427 598.58874448 599.98496649
  601.10046983]
 [530.98298822 537.46903286 543.34693948 548.9148052  554.31383973
  559.39556971 564.2246441  568.81919241 573.10155511 576.97800453
  580.52171849 583.79908303 586.81787819 589.58873469 592.1221024
  594.4256264  596.50199936 598.34724466 599.95023964 601.29535166
  602.36972494]
 [535.08436824 541.37195685 546.96032987 552.35848075 557.45764234
  562.29415168 566.89003725 571.25801891 575.36304303 579.07171316
  582.46140554 585.60090688 588.49673064 591.15809291 593.59408531
  595.81115346 597.81105908 599.58924784 601.13441758 602.43108904
  603.46665254]
 [538.89288592 544.98466842 550.38273136 555.50107433 560.35453859
  564.95766135 569.32695477 573.46854147 577.40379172 580.9518782
  584.19448282 587.20273731 589.98190143 592.53972412 594.88389978
  597.01964229 598.9477433  600.66304624 602.15403919 603.40535923
  604.40461348]
 [542.42559588 548.32786615 553.52468073 558.39680889 563.01642944
  567.39276078 571.53560813 575.44104721 579.21576361 582.61190675
  585.71578006 588.60094681 591.27147059 593.73351002 595.99321776
  598.05446399 599.91696446 601.57486217 603.01637158 604.2261974
  605.19214864]
 [545.69633351 551.41694096 556.41980213 561.05759435 565.44998937
  569.59968605 573.50633581 577.28088919 580.78004786 584.03641382
  587.01283795 589.785576   592.35775079 594.73391308 596.91853436
  598.91400348 600.7188433  602.32636558 603.72439628 604.89763407
  605.83406397]
 [548.71616133 554.26314065 559.08000079 563.49008752 567.65541761
  571.56872216 575.34349084 578.84348469 582.06937298 585.20388694
  588.06894534 590.74373648 593.23092522 595.5336713  597.65478606
  599.59512189 601.35194862 602.91766194 604.27957741 605.42228692
  606.3339013 ]
 [551.49215866 556.87329896 561.51197562 565.69456392 569.62310822
  573.39802301 576.90863164 580.15517705 583.28946392 586.17773509
  588.95172372 591.54638361 593.96446079 596.20811344 598.27869638
  600.17561028 601.89490734 603.42807241 604.76185531 605.88065291
  606.77264138]]

Policy improvement complete at iter 17

[[ 0.  0.  0.  0.  0.  0. -1. -1. -2. -2. -3. -3. -3. -4. -4. -4. -4. -4.
  -5. -5. -5.]
 [ 0.  0.  0.  0.  0.  0.  0. -1. -1. -2. -2. -2. -3. -3. -3. -3. -3. -4.
  -4. -4. -4.]
 [ 0.  0.  0.  0.  0.  0.  0.  0. -1. -1. -1. -2. -2. -2. -2. -2. -3. -3.
  -3. -3. -3.]
 [ 0.  0.  0.  0.  0.  0.  0.  0.  0.  0. -1. -1. -1. -1. -1. -2. -2. -2.
  -2. -2. -2.]
 [ 1.  1.  0.  0.  0.  0.  0.  0.  0.  0.  0.  0.  0.  0. -1. -1. -1. -1.
  -1. -1. -2.]
 [ 2.  1.  1.  1.  0.  0.  0.  0.  0.  0.  0.  0.  0.  0.  0.  0.  0.  0.
   0. -1. -1.]
 [ 2.  2.  2.  1.  0.  0.  0.  0.  0.  0.  0.  0.  0.  0.  0.  0.  0.  0.
   0.  0.  0.]
 [ 3.  3.  2.  1.  1.  0.  0.  0.  0.  0.  0.  0.  0.  0.  0.  0.  0.  0.
   0.  0.  0.]
 [ 4.  3.  2.  2.  1.  1.  0.  0.  0.  0.  0.  0.  0.  0.  0.  0.  0.  0.
   0.  0.  0.]
 [ 4.  3.  3.  2.  2.  1.  0.  0.  0.  0.  0.  0.  0.  0.  0.  0.  0.  0.
   0.  0.  0.]
 [ 4.  4.  3.  3.  2.  1.  0.  0.  0.  0.  0.  0.  0.  0.  0.  0.  0.  0.
   0.  0.  0.]
 [ 5.  4.  4.  3.  2.  1.  0.  0.  0.  0.  0.  0.  0.  0.  0.  0.  0.  0.
   0.  0.  0.]
 [ 5.  5.  4.  3.  2.  1.  1.  0.  0.  0.  0.  0.  0.  0.  0.  0.  0.  0.
   0.  0.  0.]
 [ 5.  5.  4.  3.  2.  2.  1.  0.  0.  0.  0.  0.  0.  0.  0.  0.  0.  0.
   0.  0.  0.]
 [ 5.  5.  4.  3.  3.  2.  1.  0.  0.  0.  0.  0.  0.  0.  0.  0.  0.  0.
   0.  0.  0.]
 [ 5.  5.  4.  4.  3.  2.  1.  0.  0.  0.  0.  0.  0.  0.  0.  0.  0.  0.
   0.  0.  0.]
 [ 5.  5.  5.  4.  3.  2.  1.  0.  0.  0.  0.  0.  0.  0.  0.  0.  0.  0.
   0.  0.  0.]
 [ 5.  5.  5.  4.  3.  2.  1.  0.  0.  0.  0.  0.  0.  0.  0.  0.  0.  0.
   0.  0.  0.]
 [ 5.  5.  5.  4.  3.  2.  1.  1.  0.  0.  0.  0.  0.  0.  0.  0.  0.  0.
   0.  0.  0.]
 [ 5.  5.  5.  4.  3.  2.  2.  1.  0.  0.  0.  0.  0.  0.  0.  0.  0.  0.
   0.  0.  0.]
 [ 5.  5.  5.  4.  3.  3.  2.  1.  1.  0.  0.  0.  0.  0.  0.  0.  0.  0.
   0.  0.  0.]]
