Current Max error in Value func: 0.007013449368685087
Policy Eva complete at iter 40
[[437.58749891 447.44136043 457.11396481 466.39471885 475.08875764
  483.0875202  490.81799541 498.10651687 505.29568238 511.91533763
  518.18467329 524.18736704 529.67928924 534.77020403 539.73972544
  544.32209258 548.55440969 552.4677919  556.09325652 559.58369118
  562.7902436 ]
 [447.32149832 457.17502945 466.84822711 476.1284445  484.8214912
  492.8187893  500.10730416 507.29642998 513.91607947 520.18525127
  526.1879409  531.6798593  536.77057787 541.74009689 546.32246168
  550.55477631 554.46815588 558.0934612  561.58389431 564.79044519
  567.72098753]
 [456.53545646 466.38878591 476.06031426 485.33877527 494.02716327
  502.0177063  509.29736003 515.91700075 522.18614932 528.18883151
  533.68074318 538.77126273 543.74077693 548.32313731 552.55544775
  556.46882319 560.09388499 563.58431549 566.79086372 569.72140335
  572.3727008 ]
 [464.90636532 474.75889373 484.42672398 493.6957454  502.36968036
  510.34020402 517.5958098  524.18695306 530.18962856 535.68153398
  540.77205768 545.74156622 550.32392137 554.55622679 558.46959735
  562.09451017 565.58493693 568.79148158 571.72201777 574.37331187
  576.72893534]
 [472.76003019 482.42774317 491.84593689 501.09454363 509.73463329
  517.66155558 524.86760398 531.405241   537.34886176 542.772764
  547.7422674  552.32461766 556.55691844 560.47028461 564.09520226
  567.58562494 570.79216569 573.7226981  576.3739885  578.72960835
  580.83623228]
 [480.42875142 489.84680658 499.09523296 507.73526585 516.22060138
  524.07147073 531.19340525 537.64514573 543.50214883 548.83597591
  553.708486   558.18580714 562.30419108 566.09584875 569.58626738
  572.79280422 575.72333288 578.37461975 580.73023638 582.83686797
  584.74463504]
 [487.84765585 497.09605094 505.73598235 514.22114826 522.07205424
  529.7527331  536.75273795 543.08261082 548.822941   554.04450135
  558.80573011 563.1707447  567.17303065 570.84403015 574.2097403
  577.28855256 580.08949195 582.61056659 584.8374668  586.74523113
  588.3062472 ]
 [495.09666004 503.73658958 512.22179589 520.07262621 527.75327722
  534.87809237 541.72248398 547.89671089 553.49095523 558.57795392
  563.21364684 567.45988914 571.34607309 574.90131357 578.15064831
  581.11239737 583.79600615 586.20026954 588.31248472 590.1107784
  591.57235804]
 [501.73696048 510.22235846 518.07316646 525.75381977 532.87861496
  539.72303036 546.23401055 552.22624032 557.64966503 562.58184349
  567.07774948 571.19740878 574.96560405 578.40822801 581.54832709
  584.40321787 586.98207821 589.28401665 591.29743633 593.002727
  594.3806268 ]
 [508.22270634 516.07351292 523.75433793 530.8791384  537.72354595
  544.23453911 550.37212971 556.16586156 561.40121362 566.16289358
  570.50660788 574.49144959 578.13776291 581.4679744  584.50264942
  587.2575193  589.74097948 591.95205442 593.87982389 595.50626836
  596.81457864]
 [514.07369669 521.75467154 528.87963947 535.72401269 542.23503835
  548.37264175 554.18873158 559.77686518 564.81498893 569.39644479
  573.57914877 577.4223114  580.94243244 584.15868862 587.08911308
  589.74762138 592.14152525 594.26947762 596.12089706 597.67884127
  598.9281542 ]
 [519.75484868 526.87996237 533.72433402 540.23549047 546.37312555
  552.18922803 557.77736486 563.10165461 567.9403954  572.33780953
  576.35507081 580.05245004 583.44334551 586.54413242 589.37052144
  591.93463559 594.24259125 596.29249485 598.07385947 599.57043907
  600.76816015]
 [524.88013406 531.72450493 538.23580192 544.37356374 550.18969691
  555.77783973 561.10213901 566.16511038 570.80719744 575.02132113
  578.87250968 582.42280146 585.68320732 588.66781263 591.39032977
  593.86125334 596.0855294  598.06064371 599.77605392 601.21595205
  602.36696204]
 [529.57152257 536.23596767 542.37386575 548.19012179 553.77825103
  559.10259963 564.16558024 568.98467143 573.43578177 577.4705581
  581.15811829 584.56268819 587.69345514 590.56265701 593.18232372
  595.56152401 597.70412568 599.6069893  601.25944001 602.64595023
  603.75359564]
 [533.90300421 540.37402659 546.19041483 551.77853797 557.10299873
  562.16602731 566.98512759 571.57215426 575.83928126 579.70048335
  583.22899211 586.49138322 589.49537768 592.25166437 594.77081545
  597.06063572 599.12401215 600.95720531 602.54937397 603.88518403
  604.95202219]
 [537.91717328 544.19057095 549.77869334 555.10327727 560.16641471
  564.9855616  569.57259722 573.93430288 578.0247507  581.71898638
  585.09434203 588.21973036 591.10157304 593.74912876 596.17161171
  598.37563103 600.36314197 602.1298217  603.66464159 604.95241153
  605.98075812]
 [541.64263458 547.7207298  553.10342818 558.16668521 562.98593781
  567.57301867 571.93473295 576.07172557 579.99301113 583.5273892
  586.75641133 589.75128017 592.51715408 595.06182041 597.39309798
  599.51636807 601.43261648 603.13691081 604.6180007  605.86080008
  606.8531435 ]
 [545.09597935 550.98480301 556.16683186 560.98620064 565.5733842
  569.93514242 574.07214333 577.99342712 581.73697304 585.119871
  588.21067409 591.08296747 593.74070717 596.19008859 598.43738779
  600.48663992 602.33775197 603.98508336 605.417095   606.61875265
  607.5780807 ]
 [548.29061445 553.99785391 558.9863432  563.57363962 567.93549758
  572.07254111 575.99382558 579.73737731 583.23979848 586.48287403
  589.44627582 592.20627304 594.76587895 597.12966623 599.3022109
  601.28604771 603.07987355 604.67720178 606.06608776 607.23147294
  608.16154288]
 [551.23731656 556.77095792 561.57377842 565.93574615 570.07288665
  573.99417014 577.73776536 581.24019206 584.48326577 587.59766397
  590.4491373  593.1108086  595.58525674 597.87563619 599.98481555
  601.91374756 603.65983639 605.21564997 606.56871191 607.70383773
  608.60932289]
 [553.94306067 559.31092292 563.93588145 568.07312879 571.99440793
  575.7381024  579.24059498 582.48366889 585.59819423 588.45057752
  591.21101561 593.79265285 596.19819982 598.4298191  600.48890188
  602.37492074 604.08403208 605.60786499 606.93335271 608.0450918
  608.93142066]]
.........................................................................................................................................................................................................................................................................................................................................................................................................................................................Policy improvement complete at iter 40
[[ 0.  0.  0.  0.  0.  0. -1. -1. -2. -2. -3. -3. -3. -4. -4. -4. -4. -4.
  -5. -5. -5.]
 [ 0.  0.  0.  0.  0.  0.  0. -1. -1. -2. -2. -2. -3. -3. -3. -3. -3. -4.
  -4. -4. -4.]
 [ 0.  0.  0.  0.  0.  0.  0.  0. -1. -1. -1. -2. -2. -2. -2. -2. -3. -3.
  -3. -3. -3.]
 [ 0.  0.  0.  0.  0.  0.  0.  0.  0.  0. -1. -1. -1. -1. -1. -2. -2. -2.
  -2. -2. -2.]
 [ 1.  1.  0.  0.  0.  0.  0.  0.  0.  0.  0.  0.  0.  0. -1. -1. -1. -1.
  -1. -1. -2.]
 [ 2.  1.  1.  1.  0.  0.  0.  0.  0.  0.  0.  0.  0.  0.  0.  0.  0.  0.
   0. -1. -1.]
 [ 2.  2.  2.  1.  1.  0.  0.  0.  0.  0.  0.  0.  0.  0.  0.  0.  0.  0.
   0.  0.  0.]
 [ 3.  3.  2.  2.  1.  0.  0.  0.  0.  0.  0.  0.  0.  0.  0.  0.  0.  0.
   0.  0.  0.]
 [ 4.  3.  3.  2.  1.  1.  0.  0.  0.  0.  0.  0.  0.  0.  0.  0.  0.  0.
   0.  0.  0.]
 [ 4.  4.  3.  2.  2.  1.  0.  0.  0.  0.  0.  0.  0.  0.  0.  0.  0.  0.
   0.  0.  0.]
 [ 5.  4.  3.  3.  2.  1.  0.  0.  0.  0.  0.  0.  0.  0.  0.  0.  0.  0.
   0.  0.  0.]
 [ 5.  4.  4.  3.  2.  1.  1.  0.  0.  0.  0.  0.  0.  0.  0.  0.  0.  0.
   0.  0.  0.]
 [ 5.  5.  4.  3.  2.  2.  1.  0.  0.  0.  0.  0.  0.  0.  0.  0.  0.  0.
   0.  0.  0.]
 [ 5.  5.  4.  3.  3.  2.  1.  0.  0.  0.  0.  0.  0.  0.  0.  0.  0.  0.
   0.  0.  0.]
 [ 5.  5.  4.  4.  3.  2.  1.  0.  0.  0.  0.  0.  0.  0.  0.  0.  0.  0.
   0.  0.  0.]
 [ 5.  5.  5.  4.  3.  2.  1.  0.  0.  0.  0.  0.  0.  0.  0.  0.  0.  0.
   0.  0.  0.]
 [ 5.  5.  5.  4.  3.  2.  1.  0.  0.  0.  0.  0.  0.  0.  0.  0.  0.  0.
   0.  0.  0.]
 [ 5.  5.  5.  4.  3.  2.  1.  1.  0.  0.  0.  0.  0.  0.  0.  0.  0.  0.
   0.  0.  0.]
 [ 5.  5.  5.  4.  3.  2.  2.  1.  0.  0.  0.  0.  0.  0.  0.  0.  0.  0.
   0.  0.  0.]
 [ 5.  5.  5.  4.  3.  3.  2.  1.  1.  0.  0.  0.  0.  0.  0.  0.  0.  0.
   0.  0.  0.]
 [ 5.  5.  5.  4.  4.  3.  2.  2.  1.  0.  0.  0.  0.  0.  0.  0.  0.  0.
   0.  0.  0.]]
